6
0
0
0
0
0
114,1
371.90
5585.92
-2632.99
-3507.04
-169.57
-105.82
323.40
-95.76
-262.92
304.60
-1045.19
808.23
-65.63
237.86
3225.40
-4931.15
-1011.75
-6636.64
78.25
301.97
-264.48
-175.43
429.27
-786.14
397.87
-127.70
-110.44
-4659.81
5118.84
3542.21
2630.86
-103.72
-166.86
122.31
542.27
-231.53
-394.85
-329.80
301.00
1111.51
456.89
-499.56
1139.13
-329.95
4.30
242.37
285.24
-56.97
330.95
638.54
276.11
-87.55
-234.19
-265.59
3577.51
2108.51
2543.14
-2.99
-195.37
-3.61
460.95
-135.03
-462.51
-174.69
285.07
-1376.20
-4343.56
-631.02
-2272.63
1964.85
130.71
-503.87
-44.41
-507.12
-699.68
2051.80
-978.74
-303.87
-1533.84
692.97
-552.79
-1623.92
2059.47
50.18
1406.46
-1094.35
-163.00
-197.03
2686.25
833.55
-1855.98
-1442.69
-2967.46
-201.79
-1807.01
-1983.43
-284.26
-271.98
-1787.31
-204.26
1400.61
-576.92
2311.21
2564.88
-2182.93
-355.24
4083.76
2057.36
1537.72
1854.11
-2466.10
870.13
99.70
-957.72
0,0
